ID,Title,Acceptance,Difficulty,Frequency,Leetcode Question Link
511,Game Play Analysis I,80.8%,Easy,0, https://leetcode.com/problems/game-play-analysis-i
512,Game Play Analysis II,55.5%,Easy,0, https://leetcode.com/problems/game-play-analysis-ii
534,Game Play Analysis III,76.0%,Medium,0, https://leetcode.com/problems/game-play-analysis-iii
550,Game Play Analysis IV,45.3%,Medium,0, https://leetcode.com/problems/game-play-analysis-iv
1097,Game Play Analysis V,54.5%,Hard,0, https://leetcode.com/problems/game-play-analysis-v
