ID,Title,Acceptance,Difficulty,Frequency,Leetcode Question Link
1239,Maximum Length of a Concatenated String with Unique Characters,47.8%,Medium,0.0766985653316095, https://leetcode.com/problems/maximum-length-of-a-concatenated-string-with-unique-characters
